5674 0 0 812648 1 74096 174073 -106.9239381213708 1583.3230519197039 -107.60471 1593.4039
5674 0 0 812648 2 76851 174073 -106.9239381213708 1583.3230519197039 -107.60471 1593.4039
5674 0 0 812648 3 79807 174073 -106.9239381213708 1583.3230519197039 -107.60471 1593.4039
5674 0 0 812648 4 77018 174073 -106.9239381213708 1583.3230519197039 -107.60471 1593.4039
5674 0 0 812648 5 78467 174073 -106.9239381213708 1583.3230519197039 -107.60471 1593.4039
5674 0 0 812648 6 75296 174073 -106.9239381213708 1583.3230519197039 -107.60471 1593.4039
5674 5 812650 1624039 1 74636 173674 1578.8313527866633 3256.641969959836 1588.9641 3277.5427
5674 5 812650 1624039 2 76413 173674 1578.8313527866633 3256.641969959836 1588.9641 3277.5427
5674 5 812650 1624039 3 79125 173674 1578.8313527866633 3256.641969959836 1588.9641 3277.5427
5674 5 812650 1624039 4 76451 173674 1578.8313527866633 3256.641969959836 1588.9641 3277.5427
5674 5 812650 1624039 5 78786 173674 1578.8313527866633 3256.641969959836 1588.9641 3277.5427
5674 5 812650 1624039 6 75229 173674 1578.8313527866633 3256.641969959836 1588.9641 3277.5427
5674 10 1624041 2428102 1 73276 172349 3253.965838115013 4922.565649042731 3275.9795 4955.8677
5674 10 1624041 2428102 2 75557 172349 3253.965838115013 4922.565649042731 3275.9795 4955.8677
5674 10 1624041 2428102 3 78561 172349 3253.965838115013 4922.565649042731 3275.9795 4955.8677
5674 10 1624041 2428102 4 76448 172349 3253.965838115013 4922.565649042731 3275.9795 4955.8677
5674 10 1624041 2428102 5 78969 172349 3253.965838115013 4922.565649042731 3275.9795 4955.8677
5674 10 1624041 2428102 6 74729 172349 3253.965838115013 4922.565649042731 3275.9795 4955.8677
5674 15 2428104 3234033 1 72569 172722 4921.848319924444 6607.966022855803 4954.6333 6651.9824
5674 15 2428104 3234033 2 75682 172722 4921.848319924444 6607.966022855803 4954.6333 6651.9824
5674 15 2428104 3234033 3 78601 172722 4921.848319924444 6607.966022855803 4954.6333 6651.9824
5674 15 2428104 3234033 4 77298 172722 4921.848319924444 6607.966022855803 4954.6333 6651.9824
5674 15 2428104 3234033 5 79400 172722 4921.848319924444 6607.966022855803 4954.6333 6651.9824
5674 15 2428104 3234033 6 74486 172722 4921.848319924444 6607.966022855803 4954.6333 6651.9824
5674 20 3234035 4042699 1 72921 173390 6606.385361780264 8298.333633924443 6649.433 8352.406
5674 20 3234035 4042699 2 74932 173390 6606.385361780264 8298.333633924443 6649.433 8352.406
5674 20 3234035 4042699 3 79447 173390 6606.385361780264 8298.333633924443 6649.433 8352.406
5674 20 3234035 4042699 4 77675 173390 6606.385361780264 8298.333633924443 6649.433 8352.406
5674 20 3234035 4042699 5 79626 173390 6606.385361780264 8298.333633924443 6649.433 8352.406
5674 20 3234035 4042699 6 74454 173390 6606.385361780264 8298.333633924443 6649.433 8352.406
5674 25 4042701 4437480 1 35429 84784 8293.099827152046 9118.922748046876 8348.953 9180.338
5674 25 4042701 4437480 2 37188 84784 8293.099827152046 9118.922748046876 8348.953 9180.338
5674 25 4042701 4437480 3 38878 84784 8293.099827152046 9118.922748046876 8348.953 9180.338
5674 25 4042701 4437480 4 37877 84784 8293.099827152046 9118.922748046876 8348.953 9180.338
5674 25 4042701 4437480 5 38956 84784 8293.099827152046 9118.922748046876 8348.953 9180.338
5674 25 4042701 4437480 6 36293 84784 8293.099827152046 9118.922748046876 8348.953 9180.338
5675 0 0 692827 1 57805 141741 -155.37773576040797 1295.5299005087218 -157.19661 1310.6956
5675 0 0 692827 2 59858 141741 -155.37773576040797 1295.5299005087218 -157.19661 1310.6956
5675 0 0 692827 3 62256 141741 -155.37773576040797 1295.5299005087218 -157.19661 1310.6956
5675 0 0 692827 4 61120 141741 -155.37773576040797 1295.5299005087218 -157.19661 1310.6956
5675 0 0 692827 5 63734 141741 -155.37773576040797 1295.5299005087218 -157.19661 1310.6956
5675 0 0 692827 6 59737 141741 -155.37773576040797 1295.5299005087218 -157.19661 1310.6956
5675 5 692829 1346884 1 57371 142697 1287.0498692848146 2654.8203310512645 1309.1816 2700.472
5675 5 692829 1346884 2 59320 142697 1287.0498692848146 2654.8203310512645 1309.1816 2700.472
5675 5 692829 1346884 3 62429 142697 1287.0498692848146 2654.8203310512645 1309.1816 2700.472
5675 5 692829 1346884 4 61277 142697 1287.0498692848146 2654.8203310512645 1309.1816 2700.472
5675 5 692829 1346884 5 63571 142697 1287.0498692848146 2654.8203310512645 1309.1816 2700.472
5675 5 692829 1346884 6 59353 142697 1287.0498692848146 2654.8203310512645 1309.1816 2700.472
5675 10 1346886 1942198 1 51367 129758 2628.302077764961 3861.688985275647 2698.4976 3964.8252
5675 10 1346886 1942198 2 52561 129758 2628.302077764961 3861.688985275647 2698.4976 3964.8252
5675 10 1346886 1942198 3 55783 129758 2628.302077764961 3861.688985275647 2698.4976 3964.8252
5675 10 1346886 1942198 4 54609 129758 2628.302077764961 3861.688985275647 2698.4976 3964.8252
5675 10 1346886 1942198 5 56633 129758 2628.302077764961 3861.688985275647 2698.4976 3964.8252
5675 10 1346886 1942198 6 52527 129758 2628.302077764961 3861.688985275647 2698.4976 3964.8252
5675 15 1942200 2527397 1 50170 126720 3855.2732964577704 5063.005223277417 3965.5813 5207.869
5675 15 1942200 2527397 2 51110 126720 3855.2732964577704 5063.005223277417 3965.5813 5207.869
5675 15 1942200 2527397 3 54292 126720 3855.2732964577704 5063.005223277417 3965.5813 5207.869
5675 15 1942200 2527397 4 53416 126720 3855.2732964577704 5063.005223277417 3965.5813 5207.869
5675 15 1942200 2527397 5 55298 126720 3855.2732964577704 5063.005223277417 3965.5813 5207.869
5675 15 1942200 2527397 6 51757 126720 3855.2732964577704 5063.005223277417 3965.5813 5207.869
5675 20 2527399 3111184 1 50396 126185 5057.828880452079 6260.1832396193 5204.662 6441.922
5675 20 2527399 3111184 2 51751 126185 5057.828880452079 6260.1832396193 5204.662 6441.922
5675 20 2527399 3111184 3 53889 126185 5057.828880452079 6260.1832396193 5204.662 6441.922
5675 20 2527399 3111184 4 53116 126185 5057.828880452079 6260.1832396193 5204.662 6441.922
5675 20 2527399 3111184 5 54656 126185 5057.828880452079 6260.1832396193 5204.662 6441.922
5675 20 2527399 3111184 6 51566 126185 5057.828880452079 6260.1832396193 5204.662 6441.922
5675 25 3111186 3693186 1 49845 125453 6259.975111881833 7458.087989904062 6442.6943 7675.7783
5675 25 3111186 3693186 2 51173 125453 6259.975111881833 7458.087989904062 6442.6943 7675.7783
5675 25 3111186 3693186 3 53948 125453 6259.975111881833 7458.087989904062 6442.6943 7675.7783
5675 25 3111186 3693186 4 52857 125453 6259.975111881833 7458.087989904062 6442.6943 7675.7783
5675 25 3111186 3693186 5 54836 125453 6259.975111881833 7458.087989904062 6442.6943 7675.7783
5675 25 3111186 3693186 6 51613 125453 6259.975111881833 7458.087989904062 6442.6943 7675.7783
5675 30 3693188 4272777 1 49476 125554 7454.288203969773 8648.204695547354 7676.584 8906.1045
5675 30 3693188 4272777 2 50591 125554 7454.288203969773 8648.204695547354 7676.584 8906.1045
5675 30 3693188 4272777 3 53183 125554 7454.288203969773 8648.204695547354 7676.584 8906.1045
5675 30 3693188 4272777 4 52468 125554 7454.288203969773 8648.204695547354 7676.584 8906.1045
5675 30 3693188 4272777 5 54567 125554 7454.288203969773 8648.204695547354 7676.584 8906.1045
5675 30 3693188 4272777 6 51111 125554 7454.288203969773 8648.204695547354 7676.584 8906.1045
5675 35 4272779 4852584 1 49709 125038 8647.186514829735 9843.556252301021 8903.785 10135.656
5675 35 4272779 4852584 2 51082 125038 8647.186514829735 9843.556252301021 8903.785 10135.656
5675 35 4272779 4852584 3 53416 125038 8647.186514829735 9843.556252301021 8903.785 10135.656
5675 35 4272779 4852584 4 52489 125038 8647.186514829735 9843.556252301021 8903.785 10135.656
5675 35 4272779 4852584 5 54223 125038 8647.186514829735 9843.556252301021 8903.785 10135.656
5675 35 4272779 4852584 6 51262 125038 8647.186514829735 9843.556252301021 8903.785 10135.656
5675 40 4852586 5434961 1 49882 125731 9849.555887629698 11051.190470671238 10136.445 11373.08
5675 40 4852586 5434961 2 51402 125731 9849.555887629698 11051.190470671238 10136.445 11373.08
5675 40 4852586 5434961 3 53488 125731 9849.555887629698 11051.190470671238 10136.445 11373.08
5675 40 4852586 5434961 4 52699 125731 9849.555887629698 11051.190470671238 10136.445 11373.08
5675 40 4852586 5434961 5 54507 125731 9849.555887629698 11051.190470671238 10136.445 11373.08
5675 40 4852586 5434961 6 51508 125731 9849.555887629698 11051.190470671238 10136.445 11373.08
5675 45 5434963 6024044 1 50768 127366 11064.409769736922 12282.753586413179 11373.935 12626.361
5675 45 5434963 6024044 2 51884 127366 11064.409769736922 12282.753586413179 11373.935 12626.361
5675 45 5434963 6024044 3 54930 127366 11064.409769736922 12282.753586413179 11373.935 12626.361
5675 45 5434963 6024044 4 53568 127366 11064.409769736922 12282.753586413179 11373.935 12626.361
5675 45 5434963 6024044 5 56033 127366 11064.409769736922 12282.753586413179 11373.935 12626.361
5675 45 5434963 6024044 6 52375 127366 11064.409769736922 12282.753586413179 11373.935 12626.361
5675 50 6024046 6609962 1 50031 126445 12271.520297592493 13481.543721838218 12623.236 13867.94
5675 50 6024046 6609962 2 51471 126445 12271.520297592493 13481.543721838218 12623.236 13867.94
5675 50 6024046 6609962 3 54541 126445 12271.520297592493 13481.543721838218 12623.236 13867.94
5675 50 6024046 6609962 4 53570 126445 12271.520297592493 13481.543721838218 12623.236 13867.94
5675 50 6024046 6609962 5 55187 126445 12271.520297592493 13481.543721838218 12623.236 13867.94
5675 50 6024046 6609962 6 51960 126445 12271.520297592493 13481.543721838218 12623.236 13867.94
5675 55 6609964 7197304 1 50575 127054 13484.958730690874 14699.901033277798 13868.7295 15118.248
5675 55 6609964 7197304 2 51509 127054 13484.958730690874 14699.901033277798 13868.7295 15118.248
5675 55 6609964 7197304 3 54694 127054 13484.958730690874 14699.901033277798 13868.7295 15118.248
5675 55 6609964 7197304 4 53775 127054 13484.958730690874 14699.901033277798 13868.7295 15118.248
5675 55 6609964 7197304 5 55192 127054 13484.958730690874 14699.901033277798 13868.7295 15118.248
5675 55 6609964 7197304 6 51974 127054 13484.958730690874 14699.901033277798 13868.7295 15118.248
5675 60 7197306 7830983 1 54666 136376 14844.679184667291 16155.43344139696 15119.07 16454.053
5675 60 7197306 7830983 2 56473 136376 14844.679184667291 16155.43344139696 15119.07 16454.053
5675 60 7197306 7830983 3 59513 136376 14844.679184667291 16155.43344139696 15119.07 16454.053
5675 60 7197306 7830983 4 58188 136376 14844.679184667291 16155.43344139696 15119.07 16454.053
5675 60 7197306 7830983 5 60283 136376 14844.679184667291 16155.43344139696 15119.07 16454.053
5675 60 7197306 7830983 6 56658 136376 14844.679184667291 16155.43344139696 15119.07 16454.053
5675 65 7830985 8424737 1 51048 128581 16018.627987502083 17250.309605074384 16454.693 17719.904
5675 65 7830985 8424737 2 52696 128581 16018.627987502083 17250.309605074384 16454.693 17719.904
5675 65 7830985 8424737 3 55556 128581 16018.627987502083 17250.309605074384 16454.693 17719.904
5675 65 7830985 8424737 4 54280 128581 16018.627987502083 17250.309605074384 16454.693 17719.904
5675 65 7830985 8424737 5 56579 128581 16018.627987502083 17250.309605074384 16454.693 17719.904
5675 65 7830985 8424737 6 52575 128581 16018.627987502083 17250.309605074384 16454.693 17719.904
5675 70 8424739 8909440 1 41832 104520 17224.936161037884 18223.549426631125 17716.697 18743.82
5675 70 8424739 8909440 2 42741 104520 17224.936161037884 18223.549426631125 17716.697 18743.82
5675 70 8424739 8909440 3 45241 104520 17224.936161037884 18223.549426631125 17716.697 18743.82
5675 70 8424739 8909440 4 44293 104520 17224.936161037884 18223.549426631125 17716.697 18743.82
5675 70 8424739 8909440 5 45948 104520 17224.936161037884 18223.549426631125 17716.697 18743.82
5675 70 8424739 8909440 6 42773 104520 17224.936161037884 18223.549426631125 17716.697 18743.82
5676 0 0 626384 1 52496 131083 222.75167658404987 1474.595610536212 227.71672 1507.4637
5676 0 0 626384 2 53705 131083 222.75167658404987 1474.595610536212 227.71672 1507.4637
5676 0 0 626384 3 56411 131083 222.75167658404987 1474.595610536212 227.71672 1507.4637
5676 0 0 626384 4 55515 131083 222.75167658404987 1474.595610536212 227.71672 1507.4637
5676 0 0 626384 5 57977 131083 222.75167658404987 1474.595610536212 227.71672 1507.4637
5676 0 0 626384 6 54019 131083 222.75167658404987 1474.595610536212 227.71672 1507.4637
5676 5 626386 1214945 1 49910 125237 1459.7267278673612 2657.795220612271 1503.8458 2738.125
5676 5 626386 1214945 2 51236 125237 1459.7267278673612 2657.795220612271 1503.8458 2738.125
5676 5 626386 1214945 3 53760 125237 1459.7267278673612 2657.795220612271 1503.8458 2738.125
5676 5 626386 1214945 4 52992 125237 1459.7267278673612 2657.795220612271 1503.8458 2738.125
5676 5 626386 1214945 5 54463 125237 1459.7267278673612 2657.795220612271 1503.8458 2738.125
5676 5 626386 1214945 6 51388 125237 1459.7267278673612 2657.795220612271 1503.8458 2738.125
5676 10 1214947 1730992 1 42043 108489 2596.0041016560535 3619.5020662889606 2738.633 3818.3638
5676 10 1214947 1730992 2 43166 108489 2596.0041016560535 3619.5020662889606 2738.633 3818.3638
5676 10 1214947 1730992 3 45210 108489 2596.0041016560535 3619.5020662889606 2738.633 3818.3638
5676 10 1214947 1730992 4 44350 108489 2596.0041016560535 3619.5020662889606 2738.633 3818.3638
5676 10 1214947 1730992 5 45827 108489 2596.0041016560535 3619.5020662889606 2738.633 3818.3638
5676 10 1214947 1730992 6 43474 108489 2596.0041016560535 3619.5020662889606 2738.633 3818.3638
5676 15 1730994 2238420 1 40950 105987 3616.123719584025 4617.2921117156875 3819.4487 4876.91
5676 15 1730994 2238420 2 41871 105987 3616.123719584025 4617.2921117156875 3819.4487 4876.91
5676 15 1730994 2238420 3 44318 105987 3616.123719584025 4617.2921117156875 3819.4487 4876.91
5676 15 1730994 2238420 4 43362 105987 3616.123719584025 4617.2921117156875 3819.4487 4876.91
5676 15 1730994 2238420 5 45046 105987 3616.123719584025 4617.2921117156875 3819.4487 4876.91
5676 15 1730994 2238420 6 42058 105987 3616.123719584025 4617.2921117156875 3819.4487 4876.91
5676 20 2238422 2849028 1 52201 130066 4755.602755175764 5997.838130118011 4878.077 6152.3047
5676 20 2238422 2849028 2 53286 130066 4755.602755175764 5997.838130118011 4878.077 6152.3047
5676 20 2238422 2849028 3 56610 130066 4755.602755175764 5997.838130118011 4878.077 6152.3047
5676 20 2238422 2849028 4 55084 130066 4755.602755175764 5997.838130118011 4878.077 6152.3047
5676 20 2238422 2849028 5 57407 130066 4755.602755175764 5997.838130118011 4878.077 6152.3047
5676 20 2238422 2849028 6 53560 130066 4755.602755175764 5997.838130118011 4878.077 6152.3047
5676 25 2849030 3160960 1 17010 41833 6090.080385105616 6487.732924453878 6152.9604 6554.7188
5676 25 2849030 3160960 2 17407 41833 6090.080385105616 6487.732924453878 6152.9604 6554.7188
5676 25 2849030 3160960 3 18305 41833 6090.080385105616 6487.732924453878 6152.9604 6554.7188
5676 25 2849030 3160960 4 18080 41833 6090.080385105616 6487.732924453878 6152.9604 6554.7188
5676 25 2849030 3160960 5 18623 41833 6090.080385105616 6487.732924453878 6152.9604 6554.7188
5676 25 2849030 3160960 6 17389 41833 6090.080385105616 6487.732924453878 6152.9604 6554.7188
5677 0 0 480924 1 38262 95390 8.675745690099387 78.6184766738572 9.217612 83.5288
5677 0 0 480924 2 38711 95390 8.675745690099387 78.6184766738572 9.217612 83.5288
5677 0 0 480924 3 41607 95390 8.675745690099387 78.6184766738572 9.217612 83.5288
5677 0 0 480924 4 40329 95390 8.675745690099387 78.6184766738572 9.217612 83.5288
5677 0 0 480924 5 42162 95390 8.675745690099387 78.6184766738572 9.217612 83.5288
5677 0 0 480924 6 39285 95390 8.675745690099387 78.6184766738572 9.217612 83.5288
5677 5 480926 946307 1 36209 91320 78.32848833213107 139.84836578413433 83.61708 149.29066
5677 5 480926 946307 2 36820 91320 78.32848833213107 139.84836578413433 83.61708 149.29066
5677 5 480926 946307 3 39188 91320 78.32848833213107 139.84836578413433 83.61708 149.29066
5677 5 480926 946307 4 38573 91320 78.32848833213107 139.84836578413433 83.61708 149.29066
5677 5 480926 946307 5 39550 91320 78.32848833213107 139.84836578413433 83.61708 149.29066
5677 5 480926 946307 6 37266 91320 78.32848833213107 139.84836578413433 83.61708 149.29066
5677 10 946309 1406740 1 35425 89876 139.57959258927912 200.03248271047423 149.36118 214.05054
5677 10 946309 1406740 2 36125 89876 139.57959258927912 200.03248271047423 149.36118 214.05054
5677 10 946309 1406740 3 38831 89876 139.57959258927912 200.03248271047423 149.36118 214.05054
5677 10 946309 1406740 4 38216 89876 139.57959258927912 200.03248271047423 149.36118 214.05054
5677 10 946309 1406740 5 39201 89876 139.57959258927912 200.03248271047423 149.36118 214.05054
5677 10 946309 1406740 6 36797 89876 139.57959258927912 200.03248271047423 149.36118 214.05054
5677 15 1406742 1866252 1 35730 89438 199.98605097980567 260.29642098484294 214.14433 278.72446
5677 15 1406742 1866252 2 36371 89438 199.98605097980567 260.29642098484294 214.14433 278.72446
5677 15 1406742 1866252 3 38593 89438 199.98605097980567 260.29642098484294 214.14433 278.72446
5677 15 1406742 1866252 4 37663 89438 199.98605097980567 260.29642098484294 214.14433 278.72446
5677 15 1406742 1866252 5 39031 89438 199.98605097980567 260.29642098484294 214.14433 278.72446
5677 15 1406742 1866252 6 36435 89438 199.98605097980567 260.29642098484294 214.14433 278.72446
5677 20 1866254 2324113 1 35429 89003 260.24490003420755 320.5878690714182 278.82376 343.4746
5677 20 1866254 2324113 2 35766 89003 260.24490003420755 320.5878690714182 278.82376 343.4746
5677 20 1866254 2324113 3 38273 89003 260.24490003420755 320.5878690714182 278.82376 343.4746
5677 20 1866254 2324113 4 37524 89003 260.24490003420755 320.5878690714182 278.82376 343.4746
5677 20 1866254 2324113 5 38912 89003 260.24490003420755 320.5878690714182 278.82376 343.4746
5677 20 1866254 2324113 6 36105 89003 260.24490003420755 320.5878690714182 278.82376 343.4746
5677 25 2324115 2782480 1 35156 88855 320.4530714502791 381.1275153232842 343.3487 408.3582
5677 25 2324115 2782480 2 36041 88855 320.4530714502791 381.1275153232842 343.3487 408.3582
5677 25 2324115 2782480 3 38303 88855 320.4530714502791 381.1275153232842 343.3487 408.3582
5677 25 2324115 2782480 4 37848 88855 320.4530714502791 381.1275153232842 343.3487 408.3582
5677 25 2324115 2782480 5 38831 88855 320.4530714502791 381.1275153232842 343.3487 408.3582
5677 25 2324115 2782480 6 36544 88855 320.4530714502791 381.1275153232842 343.3487 408.3582
5677 30 2782482 3240332 1 35379 89525 380.9600627689782 441.06299634987215 408.34595 472.76947
5677 30 2782482 3240332 2 36107 89525 380.9600627689782 441.06299634987215 408.34595 472.76947
5677 30 2782482 3240332 3 38317 89525 380.9600627689782 441.06299634987215 408.34595 472.76947
5677 30 2782482 3240332 4 37121 89525 380.9600627689782 441.06299634987215 408.34595 472.76947
5677 30 2782482 3240332 5 38592 89525 380.9600627689782 441.06299634987215 408.34595 472.76947
5677 30 2782482 3240332 6 36229 89525 380.9600627689782 441.06299634987215 408.34595 472.76947
5677 35 3240334 3701402 1 35812 89593 442.0824086161124 502.9551116886408 472.86215 537.9731
5677 35 3240334 3701402 2 36487 89593 442.0824086161124 502.9551116886408 472.86215 537.9731
5677 35 3240334 3701402 3 39018 89593 442.0824086161124 502.9551116886408 472.86215 537.9731
5677 35 3240334 3701402 4 37968 89593 442.0824086161124 502.9551116886408 472.86215 537.9731
5677 35 3240334 3701402 5 39354 89593 442.0824086161124 502.9551116886408 472.86215 537.9731
5677 35 3240334 3701402 6 36985 89593 442.0824086161124 502.9551116886408 472.86215 537.9731
5677 40 3701404 4172935 1 36974 92358 505.3481855362698 568.2411570377592 538.0458 605.0081
5677 40 3701404 4172935 2 38073 92358 505.3481855362698 568.2411570377592 538.0458 605.0081
5677 40 3701404 4172935 3 40081 92358 505.3481855362698 568.2411570377592 538.0458 605.0081
5677 40 3701404 4172935 4 39218 92358 505.3481855362698 568.2411570377592 538.0458 605.0081
5677 40 3701404 4172935 5 40831 92358 505.3481855362698 568.2411570377592 538.0458 605.0081
5677 40 3701404 4172935 6 37671 92358 505.3481855362698 568.2411570377592 538.0458 605.0081
5677 45 4172937 4653144 1 38408 94901 570.1303697782191 634.2668288652176 605.09753 673.1676
5677 45 4172937 4653144 2 38624 94901 570.1303697782191 634.2668288652176 605.09753 673.1676
5677 45 4172937 4653144 3 40852 94901 570.1303697782191 634.2668288652176 605.09753 673.1676
5677 45 4172937 4653144 4 40450 94901 570.1303697782191 634.2668288652176 605.09753 673.1676
5677 45 4172937 4653144 5 42038 94901 570.1303697782191 634.2668288652176 605.09753 673.1676
5677 45 4172937 4653144 6 39116 94901 570.1303697782191 634.2668288652176 605.09753 673.1676
5677 50 4653146 5137555 1 38680 95968 635.2167089388906 700.1529658644479 672.9413 741.734
5677 50 4653146 5137555 2 39232 95968 635.2167089388906 700.1529658644479 672.9413 741.734
5677 50 4653146 5137555 3 41889 95968 635.2167089388906 700.1529658644479 672.9413 741.734
5677 50 4653146 5137555 4 40819 95968 635.2167089388906 700.1529658644479 672.9413 741.734
5677 50 4653146 5137555 5 42545 95968 635.2167089388906 700.1529658644479 672.9413 741.734
5677 50 4653146 5137555 6 40329 95968 635.2167089388906 700.1529658644479 672.9413 741.734
5677 55 5137557 5639059 1 40769 100928 704.6513411615572 772.5505562421864 741.8179 813.2984
5677 55 5137557 5639059 2 41273 100928 704.6513411615572 772.5505562421864 741.8179 813.2984
5677 55 5137557 5639059 3 43808 100928 704.6513411615572 772.5505562421864 741.8179 813.2984
5677 55 5137557 5639059 4 42777 100928 704.6513411615572 772.5505562421864 741.8179 813.2984
5677 55 5137557 5639059 5 44840 100928 704.6513411615572 772.5505562421864 741.8179 813.2984
5677 55 5137557 5639059 6 41870 100928 704.6513411615572 772.5505562421864 741.8179 813.2984
5677 60 5639061 6129291 1 39520 97780 769.504130556963 835.2367361067289 813.38666 882.8678
5677 60 5639061 6129291 2 40194 97780 769.504130556963 835.2367361067289 813.38666 882.8678
5677 60 5639061 6129291 3 42586 97780 769.504130556963 835.2367361067289 813.38666 882.8678
5677 60 5639061 6129291 4 41417 97780 769.504130556963 835.2367361067289 813.38666 882.8678
5677 60 5639061 6129291 5 42705 97780 769.504130556963 835.2367361067289 813.38666 882.8678
5677 60 5639061 6129291 6 40367 97780 769.504130556963 835.2367361067289 813.38666 882.8678
5677 65 6129293 6613766 1 38480 96929 833.205907288909 897.8251367460172 882.95056 951.42773
5677 65 6129293 6613766 2 39345 96929 833.205907288909 897.8251367460172 882.95056 951.42773
5677 65 6129293 6613766 3 41942 96929 833.205907288909 897.8251367460172 882.95056 951.42773
5677 65 6129293 6613766 4 40659 96929 833.205907288909 897.8251367460172 882.95056 951.42773
5677 65 6129293 6613766 5 42375 96929 833.205907288909 897.8251367460172 882.95056 951.42773
5677 65 6129293 6613766 6 39974 96929 833.205907288909 897.8251367460172 882.95056 951.42773
5677 70 6613768 7095801 1 38476 95975 897.3485807768873 961.8239449702185 951.52484 1019.8928
5677 70 6613768 7095801 2 39128 95975 897.3485807768873 961.8239449702185 951.52484 1019.8928
5677 70 6613768 7095801 3 41302 95975 897.3485807768873 961.8239449702185 951.52484 1019.8928
5677 70 6613768 7095801 4 40651 95975 897.3485807768873 961.8239449702185 951.52484 1019.8928
5677 70 6613768 7095801 5 41730 95975 897.3485807768873 961.8239449702185 951.52484 1019.8928
5677 70 6613768 7095801 6 39272 95975 897.3485807768873 961.8239449702185 951.52484 1019.8928
5677 75 7095803 7577618 1 38520 95897 961.1764645700621 1025.7270221224303 1019.7449 1088.2288
5677 75 7095803 7577618 2 38829 95897 961.1764645700621 1025.7270221224303 1019.7449 1088.2288
5677 75 7095803 7577618 3 41185 95897 961.1764645700621 1025.7270221224303 1019.7449 1088.2288
5677 75 7095803 7577618 4 40572 95897 961.1764645700621 1025.7270221224303 1019.7449 1088.2288
5677 75 7095803 7577618 5 41839 95897 961.1764645700621 1025.7270221224303 1019.7449 1088.2288
5677 75 7095803 7577618 6 39013 95897 961.1764645700621 1025.7270221224303 1019.7449 1088.2288
5677 80 7577620 7954480 1 27864 69467 1057.1625239223226 1107.1576086309985 1088.3159 1139.7843
5677 80 7577620 7954480 2 28279 69467 1057.1625239223226 1107.1576086309985 1088.3159 1139.7843
5677 80 7577620 7954480 3 30128 69467 1057.1625239223226 1107.1576086309985 1088.3159 1139.7843
5677 80 7577620 7954480 4 29509 69467 1057.1625239223226 1107.1576086309985 1088.3159 1139.7843
5677 80 7577620 7954480 5 30602 69467 1057.1625239223226 1107.1576086309985 1088.3159 1139.7843
5677 80 7577620 7954480 6 29023 69467 1057.1625239223226 1107.1576086309985 1088.3159 1139.7843
5678 0 0 4920 1 453 972 -0.30252699943361255 1.2320367111565766 -0.30600306 1.2461929
5678 0 0 4920 2 428 972 -0.30252699943361255 1.2320367111565766 -0.30600306 1.2461929
5678 0 0 4920 3 520 972 -0.30252699943361255 1.2320367111565766 -0.30600306 1.2461929
5678 0 0 4920 4 474 972 -0.30252699943361255 1.2320367111565766 -0.30600306 1.2461929
5678 0 0 4920 5 519 972 -0.30252699943361255 1.2320367111565766 -0.30600306 1.2461929
5678 0 0 4920 6 461 972 -0.30252699943361255 1.2320367111565766 -0.30600306 1.2461929
5679 0 0 683138 1 60200 142259 -0.284405145942399 98.12579016978327 -0.28724343 99.10506
5679 0 0 683138 2 62438 142259 -0.284405145942399 98.12579016978327 -0.28724343 99.10506
5679 0 0 683138 3 65335 142259 -0.284405145942399 98.12579016978327 -0.28724343 99.10506
5679 0 0 683138 4 64335 142259 -0.284405145942399 98.12579016978327 -0.28724343 99.10506
5679 0 0 683138 5 65991 142259 -0.284405145942399 98.12579016978327 -0.28724343 99.10506
5679 0 0 683138 6 61192 142259 -0.284405145942399 98.12579016978327 -0.28724343 99.10506
5679 5 683140 1171907 1 38944 97285 93.74931123095833 159.12092574620547 99.11278 168.22435
5679 5 683140 1171907 2 40181 97285 93.74931123095833 159.12092574620547 99.11278 168.22435
5679 5 683140 1171907 3 42427 97285 93.74931123095833 159.12092574620547 99.11278 168.22435
5679 5 683140 1171907 4 41056 97285 93.74931123095833 159.12092574620547 99.11278 168.22435
5679 5 683140 1171907 5 42539 97285 93.74931123095833 159.12092574620547 99.11278 168.22435
5679 5 683140 1171907 6 40017 97285 93.74931123095833 159.12092574620547 99.11278 168.22435
5679 10 1171909 1742023 1 49015 118396 162.74932060819486 242.1800075245701 168.18782 250.2728
5679 10 1171909 1742023 2 50611 118396 162.74932060819486 242.1800075245701 168.18782 250.2728
5679 10 1171909 1742023 3 52770 118396 162.74932060819486 242.1800075245701 168.18782 250.2728
5679 10 1171909 1742023 4 51906 118396 162.74932060819486 242.1800075245701 168.18782 250.2728
5679 10 1171909 1742023 5 53576 118396 162.74932060819486 242.1800075245701 168.18782 250.2728
5679 10 1171909 1742023 6 49818 118396 162.74932060819486 242.1800075245701 168.18782 250.2728
5679 15 1742025 2331032 1 51210 123603 243.17028892656754 325.94264194942235 250.32576 335.53375
5679 15 1742025 2331032 2 52491 123603 243.17028892656754 325.94264194942235 250.32576 335.53375
5679 15 1742025 2331032 3 55657 123603 243.17028892656754 325.94264194942235 250.32576 335.53375
5679 15 1742025 2331032 4 53970 123603 243.17028892656754 325.94264194942235 250.32576 335.53375
5679 15 1742025 2331032 5 56028 123603 243.17028892656754 325.94264194942235 250.32576 335.53375
5679 15 1742025 2331032 6 52008 123603 243.17028892656754 325.94264194942235 250.32576 335.53375
5679 20 2331034 2891586 1 47666 115790 325.16787592341785 403.25225590257094 335.5812 416.1662
5679 20 2331034 2891586 2 48979 115790 325.16787592341785 403.25225590257094 335.5812 416.1662
5679 20 2331034 2891586 3 52133 115790 325.16787592341785 403.25225590257094 335.5812 416.1662
5679 20 2331034 2891586 4 50676 115790 325.16787592341785 403.25225590257094 335.5812 416.1662
5679 20 2331034 2891586 5 52005 115790 325.16787592341785 403.25225590257094 335.5812 416.1662
5679 20 2331034 2891586 6 48072 115790 325.16787592341785 403.25225590257094 335.5812 416.1662
5679 25 2891588 3357902 1 36222 91233 389.6899123567749 451.1349435800856 416.25558 481.8894
5679 25 2891588 3357902 2 37205 91233 389.6899123567749 451.1349435800856 416.25558 481.8894
5679 25 2891588 3357902 3 39405 91233 389.6899123567749 451.1349435800856 416.25558 481.8894
5679 25 2891588 3357902 4 38639 91233 389.6899123567749 451.1349435800856 416.25558 481.8894
5679 25 2891588 3357902 5 39917 91233 389.6899123567749 451.1349435800856 416.25558 481.8894
5679 25 2891588 3357902 6 36963 91233 389.6899123567749 451.1349435800856 416.25558 481.8894
5679 30 3357904 3806612 1 34228 86373 447.1120430619705 505.3823846580319 481.98984 544.80566
5679 30 3357904 3806612 2 34567 86373 447.1120430619705 505.3823846580319 481.98984 544.80566
5679 30 3357904 3806612 3 36725 86373 447.1120430619705 505.3823846580319 481.98984 544.80566
5679 30 3357904 3806612 4 36544 86373 447.1120430619705 505.3823846580319 481.98984 544.80566
5679 30 3357904 3806612 5 37420 86373 447.1120430619705 505.3823846580319 481.98984 544.80566
5679 30 3357904 3806612 6 34924 86373 447.1120430619705 505.3823846580319 481.98984 544.80566
5679 35 3806614 4246779 1 33498 83921 503.91191725742965 560.9202350729953 544.9072 606.5534
5679 35 3806614 4246779 2 33757 83921 503.91191725742965 560.9202350729953 544.9072 606.5534
5679 35 3806614 4246779 3 35624 83921 503.91191725742965 560.9202350729953 544.9072 606.5534
5679 35 3806614 4246779 4 35358 83921 503.91191725742965 560.9202350729953 544.9072 606.5534
5679 35 3806614 4246779 5 36358 83921 503.91191725742965 560.9202350729953 544.9072 606.5534
5679 35 3806614 4246779 6 33780 83921 503.91191725742965 560.9202350729953 544.9072 606.5534
5679 40 4246781 4778988 1 43394 106158 587.4474606878651 660.3741557532635 606.66046 681.9723
5679 40 4246781 4778988 2 44301 106158 587.4474606878651 660.3741557532635 606.66046 681.9723
5679 40 4246781 4778988 3 47010 106158 587.4474606878651 660.3741557532635 606.66046 681.9723
5679 40 4246781 4778988 4 45816 106158 587.4474606878651 660.3741557532635 606.66046 681.9723
5679 40 4246781 4778988 5 47691 106158 587.4474606878651 660.3741557532635 606.66046 681.9723
5679 40 4246781 4778988 6 44499 106158 587.4474606878651 660.3741557532635 606.66046 681.9723
5679 45 4778990 5341577 1 46354 112195 666.2058330236439 743.7580255447222 682.0606 761.45844
5679 45 4778990 5341577 2 47016 112195 666.2058330236439 743.7580255447222 682.0606 761.45844
5679 45 4778990 5341577 3 49877 112195 666.2058330236439 743.7580255447222 682.0606 761.45844
5679 45 4778990 5341577 4 49090 112195 666.2058330236439 743.7580255447222 682.0606 761.45844
5679 45 4778990 5341577 5 51074 112195 666.2058330236439 743.7580255447222 682.0606 761.45844
5679 45 4778990 5341577 6 47544 112195 666.2058330236439 743.7580255447222 682.0606 761.45844
5679 50 5341579 5816817 1 37692 93073 716.4713242758063 779.5301222178656 761.5368 828.56195
5679 50 5341579 5816817 2 38324 93073 716.4713242758063 779.5301222178656 761.5368 828.56195
5679 50 5341579 5816817 3 40371 93073 716.4713242758063 779.5301222178656 761.5368 828.56195
5679 50 5341579 5816817 4 40007 93073 716.4713242758063 779.5301222178656 761.5368 828.56195
5679 50 5341579 5816817 5 41291 93073 716.4713242758063 779.5301222178656 761.5368 828.56195
5679 50 5341579 5816817 6 38218 93073 716.4713242758063 779.5301222178656 761.5368 828.56195
5679 55 5816819 6266054 1 34481 86090 769.2541023926228 827.7800143951985 828.64233 891.6866
5679 55 5816819 6266054 2 34655 86090 769.2541023926228 827.7800143951985 828.64233 891.6866
5679 55 5816819 6266054 3 37115 86090 769.2541023926228 827.7800143951985 828.64233 891.6866
5679 55 5816819 6266054 4 36333 86090 769.2541023926228 827.7800143951985 828.64233 891.6866
5679 55 5816819 6266054 5 37690 86090 769.2541023926228 827.7800143951985 828.64233 891.6866
5679 55 5816819 6266054 6 34935 86090 769.2541023926228 827.7800143951985 828.64233 891.6866
5679 60 6266056 6706779 1 33361 84197 824.822576182616 882.0560029650451 891.7914 953.6717
5679 60 6266056 6706779 2 33468 84197 824.822576182616 882.0560029650451 891.7914 953.6717
5679 60 6266056 6706779 3 35719 84197 824.822576182616 882.0560029650451 891.7914 953.6717
5679 60 6266056 6706779 4 35390 84197 824.822576182616 882.0560029650451 891.7914 953.6717
5679 60 6266056 6706779 5 36710 84197 824.822576182616 882.0560029650451 891.7914 953.6717
5679 60 6266056 6706779 6 33656 84197 824.822576182616 882.0560029650451 891.7914 953.6717
5679 65 6706781 7156651 1 34386 86971 886.3433360444582 945.0081440685196 953.6771 1016.7986
5679 65 6706781 7156651 2 34750 86971 886.3433360444582 945.0081440685196 953.6771 1016.7986
5679 65 6706781 7156651 3 36996 86971 886.3433360444582 945.0081440685196 953.6771 1016.7986
5679 65 6706781 7156651 4 36442 86971 886.3433360444582 945.0081440685196 953.6771 1016.7986
5679 65 6706781 7156651 5 37774 86971 886.3433360444582 945.0081440685196 953.6771 1016.7986
5679 65 6706781 7156651 6 34636 86971 886.3433360444582 945.0081440685196 953.6771 1016.7986
5679 70 7156653 7918247 1 63141 148727 1009.706593703212 1114.2687172929689 1016.899 1122.2059
5679 70 7156653 7918247 2 65288 148727 1009.706593703212 1114.2687172929689 1016.899 1122.2059
5679 70 7156653 7918247 3 68848 148727 1009.706593703212 1114.2687172929689 1016.899 1122.2059
5679 70 7156653 7918247 4 67706 148727 1009.706593703212 1114.2687172929689 1016.899 1122.2059
5679 70 7156653 7918247 5 69132 148727 1009.706593703212 1114.2687172929689 1016.899 1122.2059
5679 70 7156653 7918247 6 65033 148727 1009.706593703212 1114.2687172929689 1016.899 1122.2059
5679 75 7918249 8644208 1 65422 153599 1108.4752122876341 1213.0386069360036 1122.0392 1227.8821
5679 75 7918249 8644208 2 67726 153599 1108.4752122876341 1213.0386069360036 1122.0392 1227.8821
5679 75 7918249 8644208 3 71339 153599 1108.4752122876341 1213.0386069360036 1122.0392 1227.8821
5679 75 7918249 8644208 4 69355 153599 1108.4752122876341 1213.0386069360036 1122.0392 1227.8821
5679 75 7918249 8644208 5 72350 153599 1108.4752122876341 1213.0386069360036 1122.0392 1227.8821
5679 75 7918249 8644208 6 67350 153599 1108.4752122876341 1213.0386069360036 1122.0392 1227.8821
5679 80 8644210 8850280 1 18661 44092 1212.2121808770203 1241.9161394617176 1227.9053 1257.9938
5679 80 8644210 8850280 2 19389 44092 1212.2121808770203 1241.9161394617176 1227.9053 1257.9938
5679 80 8644210 8850280 3 20415 44092 1212.2121808770203 1241.9161394617176 1227.9053 1257.9938
5679 80 8644210 8850280 4 19793 44092 1212.2121808770203 1241.9161394617176 1227.9053 1257.9938
5679 80 8644210 8850280 5 20656 44092 1212.2121808770203 1241.9161394617176 1227.9053 1257.9938
5679 80 8644210 8850280 6 19481 44092 1212.2121808770203 1241.9161394617176 1227.9053 1257.9938
5680 0 0 752860 1 66192 129080 7.510234203387726 1613.4603259727303 7.5859 1629.716
5680 0 0 752860 2 67910 129080 7.510234203387726 1613.4603259727303 7.5859 1629.716
5680 0 0 752860 3 71538 129080 7.510234203387726 1613.4603259727303 7.5859 1629.716
5680 0 0 752860 4 69671 129080 7.510234203387726 1613.4603259727303 7.5859 1629.716
5680 0 0 752860 5 72754 129080 7.510234203387726 1613.4603259727303 7.5859 1629.716
5680 0 0 752860 6 67915 129080 7.510234203387726 1613.4603259727303 7.5859 1629.716
5680 5 752862 1190360 1 39770 78166 1608.6492427017574 2553.6967469696838 1629.7308 2587.1633
5680 5 752862 1190360 2 40790 78166 1608.6492427017574 2553.6967469696838 1629.7308 2587.1633
5680 5 752862 1190360 3 43119 78166 1608.6492427017574 2553.6967469696838 1629.7308 2587.1633
5680 5 752862 1190360 4 42575 78166 1608.6492427017574 2553.6967469696838 1629.7308 2587.1633
5680 5 752862 1190360 5 43707 78166 1608.6492427017574 2553.6967469696838 1629.7308 2587.1633
5680 5 752862 1190360 6 41109 78166 1608.6492427017574 2553.6967469696838 1629.7308 2587.1633
5681 0 0 740418 1 66891 157158 -40.072635810745766 1548.309979246445 -40.75675 1574.7424
5681 0 0 740418 2 68852 157158 -40.072635810745766 1548.309979246445 -40.75675 1574.7424
5681 0 0 740418 3 72595 157158 -40.072635810745766 1548.309979246445 -40.75675 1574.7424
5681 0 0 740418 4 71077 157158 -40.072635810745766 1548.309979246445 -40.75675 1574.7424
5681 0 0 740418 5 73558 157158 -40.072635810745766 1548.309979246445 -40.75675 1574.7424
5681 0 0 740418 6 68933 157158 -40.072635810745766 1548.309979246445 -40.75675 1574.7424
5681 5 740420 1457317 1 65294 153911 1545.8054096245796 3090.9093089351454 1575.1862 3149.6575
5681 5 740420 1457317 2 67082 153911 1545.8054096245796 3090.9093089351454 1575.1862 3149.6575
5681 5 740420 1457317 3 70497 153911 1545.8054096245796 3090.9093089351454 1575.1862 3149.6575
5681 5 740420 1457317 4 69393 153911 1545.8054096245796 3090.9093089351454 1575.1862 3149.6575
5681 5 740420 1457317 5 71752 153911 1545.8054096245796 3090.9093089351454 1575.1862 3149.6575
5681 5 740420 1457317 6 67307 153911 1545.8054096245796 3090.9093089351454 1575.1862 3149.6575
5681 10 1457319 2168409 1 65227 151722 3085.6622536141313 4611.695367625987 3145.9739 4701.8345
5681 10 1457319 2168409 2 66481 151722 3085.6622536141313 4611.695367625987 3145.9739 4701.8345
5681 10 1457319 2168409 3 69884 151722 3085.6622536141313 4611.695367625987 3145.9739 4701.8345
5681 10 1457319 2168409 4 68725 151722 3085.6622536141313 4611.695367625987 3145.9739 4701.8345
5681 10 1457319 2168409 5 70927 151722 3085.6622536141313 4611.695367625987 3145.9739 4701.8345
5681 10 1457319 2168409 6 66664 151722 3085.6622536141313 4611.695367625987 3145.9739 4701.8345
5681 15 2168411 2905492 1 66799 156433 4623.1303888185885 6192.391818671579 4702.377 6298.5376
5681 15 2168411 2905492 2 68774 156433 4623.1303888185885 6192.391818671579 4702.377 6298.5376
5681 15 2168411 2905492 3 72676 156433 4623.1303888185885 6192.391818671579 4702.377 6298.5376
5681 15 2168411 2905492 4 71263 156433 4623.1303888185885 6192.391818671579 4702.377 6298.5376
5681 15 2168411 2905492 5 73387 156433 4623.1303888185885 6192.391818671579 4702.377 6298.5376
5681 15 2168411 2905492 6 68884 156433 4623.1303888185885 6192.391818671579 4702.377 6298.5376
5681 20 2905494 3657536 1 67900 158542 6198.483949184333 7796.862310403581 6296.4316 7920.0674
5681 20 2905494 3657536 2 69571 158542 6198.483949184333 7796.862310403581 6296.4316 7920.0674
5681 20 2905494 3657536 3 73579 158542 6198.483949184333 7796.862310403581 6296.4316 7920.0674
5681 20 2905494 3657536 4 71666 158542 6198.483949184333 7796.862310403581 6296.4316 7920.0674
5681 20 2905494 3657536 5 74774 158542 6198.483949184333 7796.862310403581 6296.4316 7920.0674
5681 20 2905494 3657536 6 69939 158542 6198.483949184333 7796.862310403581 6296.4316 7920.0674
5681 25 3657538 4385924 1 61810 146819 7781.6590692205045 9278.914777344335 7916.992 9440.287
5681 25 3657538 4385924 2 63284 146819 7781.6590692205045 9278.914777344335 7916.992 9440.287
5681 25 3657538 4385924 3 66943 146819 7781.6590692205045 9278.914777344335 7916.992 9440.287
5681 25 3657538 4385924 4 66097 146819 7781.6590692205045 9278.914777344335 7916.992 9440.287
5681 25 3657538 4385924 5 68169 146819 7781.6590692205045 9278.914777344335 7916.992 9440.287
5681 25 3657538 4385924 6 63843 146819 7781.6590692205045 9278.914777344335 7916.992 9440.287
5681 30 4385926 5099034 1 64737 152093 9257.764281891808 10783.625416108634 9438.953 10994.678
5681 30 4385926 5099034 2 66713 152093 9257.764281891808 10783.625416108634 9438.953 10994.678
5681 30 4385926 5099034 3 70463 152093 9257.764281891808 10783.625416108634 9438.953 10994.678
5681 30 4385926 5099034 4 68920 152093 9257.764281891808 10783.625416108634 9438.953 10994.678
5681 30 4385926 5099034 5 71476 152093 9257.764281891808 10783.625416108634 9438.953 10994.678
5681 30 4385926 5099034 6 67007 152093 9257.764281891808 10783.625416108634 9438.953 10994.678
5681 35 5099036 5830257 1 66423 153731 10804.040081391528 12353.920111246278 10993.213 12570.23
5681 35 5099036 5830257 2 67103 153731 10804.040081391528 12353.920111246278 10993.213 12570.23
5681 35 5099036 5830257 3 71203 153731 10804.040081391528 12353.920111246278 10993.213 12570.23
5681 35 5099036 5830257 4 70282 153731 10804.040081391528 12353.920111246278 10993.213 12570.23
5681 35 5099036 5830257 5 72339 153731 10804.040081391528 12353.920111246278 10993.213 12570.23
5681 35 5099036 5830257 6 67757 153731 10804.040081391528 12353.920111246278 10993.213 12570.23
5681 40 5830259 6589590 1 68748 161186 12374.583472326834 13982.195726531447 12569.374 14202.292
5681 40 5830259 6589590 2 71460 161186 12374.583472326834 13982.195726531447 12569.374 14202.292
5681 40 5830259 6589590 3 75173 161186 12374.583472326834 13982.195726531447 12569.374 14202.292
5681 40 5830259 6589590 4 73795 161186 12374.583472326834 13982.195726531447 12569.374 14202.292
5681 40 5830259 6589590 5 76005 161186 12374.583472326834 13982.195726531447 12569.374 14202.292
5681 40 5830259 6589590 6 71322 161186 12374.583472326834 13982.195726531447 12569.374 14202.292
5681 45 6589592 7309897 1 65563 154140 13937.925042214847 15477.29450218506 14200.17 15768.503
5681 45 6589592 7309897 2 67980 154140 13937.925042214847 15477.29450218506 14200.17 15768.503
5681 45 6589592 7309897 3 70748 154140 13937.925042214847 15477.29450218506 14200.17 15768.503
5681 45 6589592 7309897 4 69863 154140 13937.925042214847 15477.29450218506 14200.17 15768.503
5681 45 6589592 7309897 5 72319 154140 13937.925042214847 15477.29450218506 14200.17 15768.503
5681 45 6589592 7309897 6 67687 154140 13937.925042214847 15477.29450218506 14200.17 15768.503
5681 50 7309899 8020373 1 64427 152776 15464.667080579276 16979.05619104403 15769.013 17313.205
5681 50 7309899 8020373 2 66150 152776 15464.667080579276 16979.05619104403 15769.013 17313.205
5681 50 7309899 8020373 3 69867 152776 15464.667080579276 16979.05619104403 15769.013 17313.205
5681 50 7309899 8020373 4 68508 152776 15464.667080579276 16979.05619104403 15769.013 17313.205
5681 50 7309899 8020373 5 70960 152776 15464.667080579276 16979.05619104403 15769.013 17313.205
5681 50 7309899 8020373 6 66417 152776 15464.667080579276 16979.05619104403 15769.013 17313.205
5681 55 8020375 8734873 1 65368 152952 16978.11171021786 18499.918271858452 17311.938 18863.666
5681 55 8020375 8734873 2 66685 152952 16978.11171021786 18499.918271858452 17311.938 18863.666
5681 55 8020375 8734873 3 70252 152952 16978.11171021786 18499.918271858452 17311.938 18863.666
5681 55 8020375 8734873 4 68702 152952 16978.11171021786 18499.918271858452 17311.938 18863.666
5681 55 8020375 8734873 5 71649 152952 16978.11171021786 18499.918271858452 17311.938 18863.666
5681 55 8020375 8734873 6 67016 152952 16978.11171021786 18499.918271858452 17311.938 18863.666
5681 60 8734875 9449492 1 64943 153114 18502.032413409088 20026.651229287374 18861.361 20415.59
5681 60 8734875 9449492 2 66974 153114 18502.032413409088 20026.651229287374 18861.361 20415.59
5681 60 8734875 9449492 3 70672 153114 18502.032413409088 20026.651229287374 18861.361 20415.59
5681 60 8734875 9449492 4 69166 153114 18502.032413409088 20026.651229287374 18861.361 20415.59
5681 60 8734875 9449492 5 71855 153114 18502.032413409088 20026.651229287374 18861.361 20415.59
5681 60 8734875 9449492 6 66611 153114 18502.032413409088 20026.651229287374 18861.361 20415.59
5681 65 9449494 10161859 1 64839 152159 20020.175943608978 21535.49594197195 20416.148 21961.44
5681 65 9449494 10161859 2 67225 152159 20020.175943608978 21535.49594197195 20416.148 21961.44
5681 65 9449494 10161859 3 70061 152159 20020.175943608978 21535.49594197195 20416.148 21961.44
5681 65 9449494 10161859 4 68667 152159 20020.175943608978 21535.49594197195 20416.148 21961.44
5681 65 9449494 10161859 5 71485 152159 20020.175943608978 21535.49594197195 20416.148 21961.44
5681 65 9449494 10161859 6 66776 152159 20020.175943608978 21535.49594197195 20416.148 21961.44
5681 70 10161861 10881315 1 65839 153756 21545.470243113796 23079.26194921725 21960.072 23523.379
5681 70 10161861 10881315 2 67396 153756 21545.470243113796 23079.26194921725 21960.072 23523.379
5681 70 10161861 10881315 3 71220 153756 21545.470243113796 23079.26194921725 21960.072 23523.379
5681 70 10161861 10881315 4 70056 153756 21545.470243113796 23079.26194921725 21960.072 23523.379
5681 70 10161861 10881315 5 71478 153756 21545.470243113796 23079.26194921725 21960.072 23523.379
5681 70 10161861 10881315 6 67442 153756 21545.470243113796 23079.26194921725 21960.072 23523.379
5681 75 10881317 11598672 1 65519 154019 23080.916925571015 24606.956564689764 23523.838 25079.162
5681 75 10881317 11598672 2 67323 154019 23080.916925571015 24606.956564689764 23523.838 25079.162
5681 75 10881317 11598672 3 70768 154019 23080.916925571015 24606.956564689764 23523.838 25079.162
5681 75 10881317 11598672 4 69596 154019 23080.916925571015 24606.956564689764 23523.838 25079.162
5681 75 10881317 11598672 5 71505 154019 23080.916925571015 24606.956564689764 23523.838 25079.162
5681 75 10881317 11598672 6 67159 154019 23080.916925571015 24606.956564689764 23523.838 25079.162
5681 80 11598674 12318897 1 65470 153409 24608.932442044224 26136.036105499308 25079.72 26636.04
5681 80 11598674 12318897 2 67424 153409 24608.932442044224 26136.036105499308 25079.72 26636.04
5681 80 11598674 12318897 3 71400 153409 24608.932442044224 26136.036105499308 25079.72 26636.04
5681 80 11598674 12318897 4 69848 153409 24608.932442044224 26136.036105499308 25079.72 26636.04
5681 80 11598674 12318897 5 72191 153409 24608.932442044224 26136.036105499308 25079.72 26636.04
5681 80 11598674 12318897 6 67668 153409 24608.932442044224 26136.036105499308 25079.72 26636.04
5681 85 12318899 13032933 1 65128 152621 26131.585066802396 27651.427803425595 26636.598 28185.812
5681 85 12318899 13032933 2 67013 152621 26131.585066802396 27651.427803425595 26636.598 28185.812
5681 85 12318899 13032933 3 69952 152621 26131.585066802396 27651.427803425595 26636.598 28185.812
5681 85 12318899 13032933 4 69455 152621 26131.585066802396 27651.427803425595 26636.598 28185.812
5681 85 12318899 13032933 5 71319 152621 26131.585066802396 27651.427803425595 26636.598 28185.812
5681 85 12318899 13032933 6 66477 152621 26131.585066802396 27651.427803425595 26636.598 28185.812
5681 90 13032935 13831475 1 65120 153152 27800.774401854742 29335.288765396806 28182.457 29738.04
5681 90 13032935 13831475 2 67166 153152 27800.774401854742 29335.288765396806 28182.457 29738.04
5681 90 13032935 13831475 3 70942 153152 27800.774401854742 29335.288765396806 28182.457 29738.04
5681 90 13032935 13831475 4 69601 153152 27800.774401854742 29335.288765396806 28182.457 29738.04
5681 90 13032935 13831475 5 71673 153152 27800.774401854742 29335.288765396806 28182.457 29738.04
5681 90 13032935 13831475 6 67320 153152 27800.774401854742 29335.288765396806 28182.457 29738.04
5681 95 13831477 14547088 1 65178 153411 29173.753770148167 30701.22164347561 29735.637 31292.523
5681 95 13831477 14547088 2 67211 153411 29173.753770148167 30701.22164347561 29735.637 31292.523
5681 95 13831477 14547088 3 70898 153411 29173.753770148167 30701.22164347561 29735.637 31292.523
5681 95 13831477 14547088 4 68854 153411 29173.753770148167 30701.22164347561 29735.637 31292.523
5681 95 13831477 14547088 5 71553 153411 29173.753770148167 30701.22164347561 29735.637 31292.523
5681 95 13831477 14547088 6 66396 153411 29173.753770148167 30701.22164347561 29735.637 31292.523
5681 100 14547090 15258355 1 64747 152304 30691.44713676234 32205.17411067971 31291.781 32835.117
5681 100 14547090 15258355 2 66410 152304 30691.44713676234 32205.17411067971 31291.781 32835.117
5681 100 14547090 15258355 3 70493 152304 30691.44713676234 32205.17411067971 31291.781 32835.117
5681 100 14547090 15258355 4 68585 152304 30691.44713676234 32205.17411067971 31291.781 32835.117
5681 100 14547090 15258355 5 70784 152304 30691.44713676234 32205.17411067971 31291.781 32835.117
5681 100 14547090 15258355 6 67059 152304 30691.44713676234 32205.17411067971 31291.781 32835.117
5681 105 15258357 15973653 1 64972 152965 32208.86371114706 33737.05197852322 32835.215 34393.12
5681 105 15258357 15973653 2 66964 152965 32208.86371114706 33737.05197852322 32835.215 34393.12
5681 105 15258357 15973653 3 70590 152965 32208.86371114706 33737.05197852322 32835.215 34393.12
5681 105 15258357 15973653 4 69418 152965 32208.86371114706 33737.05197852322 32835.215 34393.12
5681 105 15258357 15973653 5 71881 152965 32208.86371114706 33737.05197852322 32835.215 34393.12
5681 105 15258357 15973653 6 66830 152965 32208.86371114706 33737.05197852322 32835.215 34393.12
5681 110 15973655 16688414 1 65293 152762 33725.62352010199 35255.533009030565 34389.29 35949.305
5681 110 15973655 16688414 2 66753 152762 33725.62352010199 35255.533009030565 34389.29 35949.305
5681 110 15973655 16688414 3 70481 152762 33725.62352010199 35255.533009030565 34389.29 35949.305
5681 110 15973655 16688414 4 68992 152762 33725.62352010199 35255.533009030565 34389.29 35949.305
5681 110 15973655 16688414 5 71473 152762 33725.62352010199 35255.533009030565 34389.29 35949.305
5681 110 15973655 16688414 6 67066 152762 33725.62352010199 35255.533009030565 34389.29 35949.305
5681 115 16688416 17423053 1 66285 156219 35334.62373370683 36904.491412538766 35949.715 37546.91
5681 115 16688416 17423053 2 69069 156219 35334.62373370683 36904.491412538766 35949.715 37546.91
5681 115 16688416 17423053 3 72361 156219 35334.62373370683 36904.491412538766 35949.715 37546.91
5681 115 16688416 17423053 4 70877 156219 35334.62373370683 36904.491412538766 35949.715 37546.91
5681 115 16688416 17423053 5 73329 156219 35334.62373370683 36904.491412538766 35949.715 37546.91
5681 115 16688416 17423053 6 68447 156219 35334.62373370683 36904.491412538766 35949.715 37546.91
5681 120 17423055 18145689 1 65372 155171 36852.54238963579 38409.05011490207 37543.785 39129.49
5681 120 17423055 18145689 2 67898 155171 36852.54238963579 38409.05011490207 37543.785 39129.49
5681 120 17423055 18145689 3 71121 155171 36852.54238963579 38409.05011490207 37543.785 39129.49
5681 120 17423055 18145689 4 69778 155171 36852.54238963579 38409.05011490207 37543.785 39129.49
5681 120 17423055 18145689 5 72831 155171 36852.54238963579 38409.05011490207 37543.785 39129.49
5681 120 17423055 18145689 6 67888 155171 36852.54238963579 38409.05011490207 37543.785 39129.49
5681 125 18145691 18856967 1 64835 152143 38369.91987478086 39895.5138075903 39128.664 40684.426
5681 125 18145691 18856967 2 66650 152143 38369.91987478086 39895.5138075903 39128.664 40684.426
5681 125 18145691 18856967 3 70409 152143 38369.91987478086 39895.5138075903 39128.664 40684.426
5681 125 18145691 18856967 4 68638 152143 38369.91987478086 39895.5138075903 39128.664 40684.426
5681 125 18145691 18856967 5 70782 152143 38369.91987478086 39895.5138075903 39128.664 40684.426
5681 125 18145691 18856967 6 66873 152143 38369.91987478086 39895.5138075903 39128.664 40684.426
5681 130 18856969 19569915 1 64635 152933 39905.25117727996 41442.27349914595 40684.87 42251.92
5681 130 18856969 19569915 2 66740 152933 39905.25117727996 41442.27349914595 40684.87 42251.92
5681 130 18856969 19569915 3 69870 152933 39905.25117727996 41442.27349914595 40684.87 42251.92
5681 130 18856969 19569915 4 68613 152933 39905.25117727996 41442.27349914595 40684.87 42251.92
5681 130 18856969 19569915 5 71240 152933 39905.25117727996 41442.27349914595 40684.87 42251.92
5681 130 18856969 19569915 6 66523 152933 39905.25117727996 41442.27349914595 40684.87 42251.92
5681 135 19569917 20281558 1 64961 152180 41443.951876501575 42984.24823063238 42252.316 43822.656
5681 135 19569917 20281558 2 66693 152180 41443.951876501575 42984.24823063238 42252.316 43822.656
5681 135 19569917 20281558 3 69900 152180 41443.951876501575 42984.24823063238 42252.316 43822.656
5681 135 19569917 20281558 4 68472 152180 41443.951876501575 42984.24823063238 42252.316 43822.656
5681 135 19569917 20281558 5 71130 152180 41443.951876501575 42984.24823063238 42252.316 43822.656
5681 135 19569917 20281558 6 66600 152180 41443.951876501575 42984.24823063238 42252.316 43822.656
5681 140 20281560 20999271 1 65399 153811 42999.36145275027 44556.005271916336 43821.816 45408.234
5681 140 20281560 20999271 2 67191 153811 42999.36145275027 44556.005271916336 43821.816 45408.234
5681 140 20281560 20999271 3 71170 153811 42999.36145275027 44556.005271916336 43821.816 45408.234
5681 140 20281560 20999271 4 69283 153811 42999.36145275027 44556.005271916336 43821.816 45408.234
5681 140 20281560 20999271 5 71598 153811 42999.36145275027 44556.005271916336 43821.816 45408.234
5681 140 20281560 20999271 6 67216 153811 42999.36145275027 44556.005271916336 43821.816 45408.234
5681 145 20999273 21712393 1 65074 152433 44534.91022065674 46082.739674149496 45404.453 46982.504
5681 145 20999273 21712393 2 66708 152433 44534.91022065674 46082.739674149496 45404.453 46982.504
5681 145 20999273 21712393 3 70828 152433 44534.91022065674 46082.739674149496 45404.453 46982.504
5681 145 20999273 21712393 4 68348 152433 44534.91022065674 46082.739674149496 45404.453 46982.504
5681 145 20999273 21712393 5 71368 152433 44534.91022065674 46082.739674149496 45404.453 46982.504
5681 145 20999273 21712393 6 66696 152433 44534.91022065674 46082.739674149496 45404.453 46982.504
5681 150 21712395 22423637 1 64606 152037 46063.700203619774 47603.76065621556 46978.246 48548.883
5681 150 21712395 22423637 2 66311 152037 46063.700203619774 47603.76065621556 46978.246 48548.883
5681 150 21712395 22423637 3 69930 152037 46063.700203619774 47603.76065621556 46978.246 48548.883
5681 150 21712395 22423637 4 68977 152037 46063.700203619774 47603.76065621556 46978.246 48548.883
5681 150 21712395 22423637 5 71338 152037 46063.700203619774 47603.76065621556 46978.246 48548.883
5681 150 21712395 22423637 6 66765 152037 46063.700203619774 47603.76065621556 46978.246 48548.883
5681 155 22423639 23139377 1 65453 153103 47628.092889772575 49179.29546047599 48549.11 50130.31
5681 155 22423639 23139377 2 67068 153103 47628.092889772575 49179.29546047599 48549.11 50130.31
5681 155 22423639 23139377 3 70522 153103 47628.092889772575 49179.29546047599 48549.11 50130.31
5681 155 22423639 23139377 4 69314 153103 47628.092889772575 49179.29546047599 48549.11 50130.31
5681 155 22423639 23139377 5 71766 153103 47628.092889772575 49179.29546047599 48549.11 50130.31
5681 155 22423639 23139377 6 66826 153103 47628.092889772575 49179.29546047599 48549.11 50130.31
5681 160 23139379 23848940 1 64028 151431 49143.268656706285 50679.39551912209 50126.58 51693.44
5681 160 23139379 23848940 2 66667 151431 49143.268656706285 50679.39551912209 50126.58 51693.44
5681 160 23139379 23848940 3 70152 151431 49143.268656706285 50679.39551912209 50126.58 51693.44
5681 160 23139379 23848940 4 68954 151431 49143.268656706285 50679.39551912209 50126.58 51693.44
5681 160 23139379 23848940 5 71061 151431 49143.268656706285 50679.39551912209 50126.58 51693.44
5681 160 23139379 23848940 6 66285 151431 49143.268656706285 50679.39551912209 50126.58 51693.44
5681 165 23848942 24569350 1 65400 153242 50737.839558621905 52297.380556050884 51692.695 53281.586
5681 165 23848942 24569350 2 67194 153242 50737.839558621905 52297.380556050884 51692.695 53281.586
5681 165 23848942 24569350 3 70716 153242 50737.839558621905 52297.380556050884 51692.695 53281.586
5681 165 23848942 24569350 4 68771 153242 50737.839558621905 52297.380556050884 51692.695 53281.586
5681 165 23848942 24569350 5 71860 153242 50737.839558621905 52297.380556050884 51692.695 53281.586
5681 165 23848942 24569350 6 66939 153242 50737.839558621905 52297.380556050884 51692.695 53281.586
5681 170 24569352 25308733 1 67294 157675 52384.566924948 53985.716501085975 53281.176 54909.73
5681 170 24569352 25308733 2 69576 157675 52384.566924948 53985.716501085975 53281.176 54909.73
5681 170 24569352 25308733 3 73374 157675 52384.566924948 53985.716501085975 53281.176 54909.73
5681 170 24569352 25308733 4 71726 157675 52384.566924948 53985.716501085975 53281.176 54909.73
5681 170 24569352 25308733 5 73823 157675 52384.566924948 53985.716501085975 53281.176 54909.73
5681 170 24569352 25308733 6 69455 157675 52384.566924948 53985.716501085975 53281.176 54909.73
5681 175 25308735 25788920 1 43399 102858 53841.27129326146 54879.38200363184 54909.695 55968.406
5681 175 25308735 25788920 2 44893 102858 53841.27129326146 54879.38200363184 54909.695 55968.406
5681 175 25308735 25788920 3 47274 102858 53841.27129326146 54879.38200363184 54909.695 55968.406
5681 175 25308735 25788920 4 46417 102858 53841.27129326146 54879.38200363184 54909.695 55968.406
5681 175 25308735 25788920 5 48314 102858 53841.27129326146 54879.38200363184 54909.695 55968.406
5681 175 25308735 25788920 6 44804 102858 53841.27129326146 54879.38200363184 54909.695 55968.406
5682 0 0 629243 1 55804 134251 19.977710951737954 1400.2195652541416 20.4433 1432.8523
5682 0 0 629243 2 57112 134251 19.977710951737954 1400.2195652541416 20.4433 1432.8523
5682 0 0 629243 3 59986 134251 19.977710951737954 1400.2195652541416 20.4433 1432.8523
5682 0 0 629243 4 59447 134251 19.977710951737954 1400.2195652541416 20.4433 1432.8523
5682 0 0 629243 5 61148 134251 19.977710951737954 1400.2195652541416 20.4433 1432.8523
5682 0 0 629243 6 57278 134251 19.977710951737954 1400.2195652541416 20.4433 1432.8523
5682 5 629245 1226084 1 52260 124800 1393.5021831251577 2654.9321706472265 1432.8015 2729.8062
5682 5 629245 1226084 2 53263 124800 1393.5021831251577 2654.9321706472265 1432.8015 2729.8062
5682 5 629245 1226084 3 56240 124800 1393.5021831251577 2654.9321706472265 1432.8015 2729.8062
5682 5 629245 1226084 4 55040 124800 1393.5021831251577 2654.9321706472265 1432.8015 2729.8062
5682 5 629245 1226084 5 57535 124800 1393.5021831251577 2654.9321706472265 1432.8015 2729.8062
5682 5 629245 1226084 6 53623 124800 1393.5021831251577 2654.9321706472265 1432.8015 2729.8062
5682 10 1226086 1815865 1 51422 123024 2652.063215104355 3896.118765060498 2730.6445 4011.5618
5682 10 1226086 1815865 2 52156 123024 2652.063215104355 3896.118765060498 2730.6445 4011.5618
5682 10 1226086 1815865 3 55321 123024 2652.063215104355 3896.118765060498 2730.6445 4011.5618
5682 10 1226086 1815865 4 54685 123024 2652.063215104355 3896.118765060498 2730.6445 4011.5618
5682 10 1226086 1815865 5 56478 123024 2652.063215104355 3896.118765060498 2730.6445 4011.5618
5682 10 1226086 1815865 6 52605 123024 2652.063215104355 3896.118765060498 2730.6445 4011.5618
5682 15 1815867 2410024 1 51561 124570 3898.1390764040484 5154.136770637723 4010.0645 5302.125
5682 15 1815867 2410024 2 52903 124570 3898.1390764040484 5154.136770637723 4010.0645 5302.125
5682 15 1815867 2410024 3 55732 124570 3898.1390764040484 5154.136770637723 4010.0645 5302.125
5682 15 1815867 2410024 4 55096 124570 3898.1390764040484 5154.136770637723 4010.0645 5302.125
5682 15 1815867 2410024 5 57041 124570 3898.1390764040484 5154.136770637723 4010.0645 5302.125
5682 15 1815867 2410024 6 52952 124570 3898.1390764040484 5154.136770637723 4010.0645 5302.125
5682 20 2410026 3005788 1 52343 124318 5155.421065234296 6415.74845555065 5302.222 6598.4375
5682 20 2410026 3005788 2 52930 124318 5155.421065234296 6415.74845555065 5302.222 6598.4375
5682 20 2410026 3005788 3 56129 124318 5155.421065234296 6415.74845555065 5302.222 6598.4375
5682 20 2410026 3005788 4 55168 124318 5155.421065234296 6415.74845555065 5302.222 6598.4375
5682 20 2410026 3005788 5 56850 124318 5155.421065234296 6415.74845555065 5302.222 6598.4375
5682 20 2410026 3005788 6 53642 124318 5155.421065234296 6415.74845555065 5302.222 6598.4375
5682 25 3005790 3608098 1 52845 126516 6423.96803536585 7699.560331842196 6599.1606 7909.5405
5682 25 3005790 3608098 2 53721 126516 6423.96803536585 7699.560331842196 6599.1606 7909.5405
5682 25 3005790 3608098 3 57014 126516 6423.96803536585 7699.560331842196 6599.1606 7909.5405
5682 25 3005790 3608098 4 55671 126516 6423.96803536585 7699.560331842196 6599.1606 7909.5405
5682 25 3005790 3608098 5 58086 126516 6423.96803536585 7699.560331842196 6599.1606 7909.5405
5682 25 3005790 3608098 6 54227 126516 6423.96803536585 7699.560331842196 6599.1606 7909.5405
5682 30 3608100 4200502 1 51621 124720 7686.523322921062 8939.849918495012 7910.2637 9200.072
5682 30 3608100 4200502 2 52807 124720 7686.523322921062 8939.849918495012 7910.2637 9200.072
5682 30 3608100 4200502 3 55411 124720 7686.523322921062 8939.849918495012 7910.2637 9200.072
5682 30 3608100 4200502 4 54638 124720 7686.523322921062 8939.849918495012 7910.2637 9200.072
5682 30 3608100 4200502 5 56415 124720 7686.523322921062 8939.849918495012 7910.2637 9200.072
5682 30 3608100 4200502 6 52815 124720 7686.523322921062 8939.849918495012 7910.2637 9200.072
5682 35 4200504 4793722 1 51833 123584 8939.81752061585 10189.247590187353 9199.446 10485.162
5682 35 4200504 4793722 2 52818 123584 8939.81752061585 10189.247590187353 9199.446 10485.162
5682 35 4200504 4793722 3 55756 123584 8939.81752061585 10189.247590187353 9199.446 10485.162
5682 35 4200504 4793722 4 54609 123584 8939.81752061585 10189.247590187353 9199.446 10485.162
5682 35 4200504 4793722 5 57079 123584 8939.81752061585 10189.247590187353 9199.446 10485.162
5682 35 4200504 4793722 6 53388 123584 8939.81752061585 10189.247590187353 9199.446 10485.162
5682 40 4793724 5385708 1 51322 123909 10187.076936705816 11438.591793046728 10485.935 11774.165
5682 40 4793724 5385708 2 52375 123909 10187.076936705816 11438.591793046728 10485.935 11774.165
5682 40 4793724 5385708 3 55418 123909 10187.076936705816 11438.591793046728 10485.935 11774.165
5682 40 4793724 5385708 4 54627 123909 10187.076936705816 11438.591793046728 10485.935 11774.165
5682 40 4793724 5385708 5 57088 123909 10187.076936705816 11438.591793046728 10485.935 11774.165
5682 40 4793724 5385708 6 53123 123909 10187.076936705816 11438.591793046728 10485.935 11774.165
5682 45 5385710 5977500 1 51438 123610 11440.017709957316 12689.762568701084 11775.004 13061.344
5682 45 5385710 5977500 2 52459 123610 11440.017709957316 12689.762568701084 11775.004 13061.344
5682 45 5385710 5977500 3 55741 123610 11440.017709957316 12689.762568701084 11775.004 13061.344
5682 45 5385710 5977500 4 54780 123610 11440.017709957316 12689.762568701084 11775.004 13061.344
5682 45 5385710 5977500 5 56669 123610 11440.017709957316 12689.762568701084 11775.004 13061.344
5682 45 5385710 5977500 6 52994 123610 11440.017709957316 12689.762568701084 11775.004 13061.344
5682 50 5977502 6580252 1 52719 126878 12715.44189363484 13997.159616835947 13062.083 14378.742
5682 50 5977502 6580252 2 53472 126878 12715.44189363484 13997.159616835947 13062.083 14378.742
5682 50 5977502 6580252 3 56744 126878 12715.44189363484 13997.159616835947 13062.083 14378.742
5682 50 5977502 6580252 4 55653 126878 12715.44189363484 13997.159616835947 13062.083 14378.742
5682 50 5977502 6580252 5 58371 126878 12715.44189363484 13997.159616835947 13062.083 14378.742
5682 50 5977502 6580252 6 54056 126878 12715.44189363484 13997.159616835947 13062.083 14378.742
5682 55 6580254 7175966 1 52163 124976 13978.84773188898 15232.45153528846 14379.581 15669.122
5682 55 6580254 7175966 2 52676 124976 13978.84773188898 15232.45153528846 14379.581 15669.122
5682 55 6580254 7175966 3 56266 124976 13978.84773188898 15232.45153528846 14379.581 15669.122
5682 55 6580254 7175966 4 55301 124976 13978.84773188898 15232.45153528846 14379.581 15669.122
5682 55 6580254 7175966 5 57091 124976 13978.84773188898 15232.45153528846 14379.581 15669.122
5682 55 6580254 7175966 6 53305 124976 13978.84773188898 15232.45153528846 14379.581 15669.122
5682 60 7175968 7769625 1 51518 124681 15228.156400462047 16478.301194939042 15669.861 16956.268
5682 60 7175968 7769625 2 52571 124681 15228.156400462047 16478.301194939042 15669.861 16956.268
5682 60 7175968 7769625 3 56112 124681 15228.156400462047 16478.301194939042 15669.861 16956.268
5682 60 7175968 7769625 4 54412 124681 15228.156400462047 16478.301194939042 15669.861 16956.268
5682 60 7175968 7769625 5 57245 124681 15228.156400462047 16478.301194939042 15669.861 16956.268
5682 60 7175968 7769625 6 52825 124681 15228.156400462047 16478.301194939042 15669.861 16956.268
5682 65 7769627 8362779 1 52082 124062 16478.129633639554 17731.385336159343 16956.99 18246.666
5682 65 7769627 8362779 2 52412 124062 16478.129633639554 17731.385336159343 16956.99 18246.666
5682 65 7769627 8362779 3 55683 124062 16478.129633639554 17731.385336159343 16956.99 18246.666
5682 65 7769627 8362779 4 54763 124062 16478.129633639554 17731.385336159343 16956.99 18246.666
5682 65 7769627 8362779 5 56932 124062 16478.129633639554 17731.385336159343 16956.99 18246.666
5682 65 7769627 8362779 6 52865 124062 16478.129633639554 17731.385336159343 16956.99 18246.666
5682 70 8362781 8959236 1 52116 125282 17743.21440923421 19003.788847580614 18247.455 19543.854
5682 70 8362781 8959236 2 52927 125282 17743.21440923421 19003.788847580614 18247.455 19543.854
5682 70 8362781 8959236 3 55953 125282 17743.21440923421 19003.788847580614 18247.455 19543.854
5682 70 8362781 8959236 4 55062 125282 17743.21440923421 19003.788847580614 18247.455 19543.854
5682 70 8362781 8959236 5 57271 125282 17743.21440923421 19003.788847580614 18247.455 19543.854
5682 70 8362781 8959236 6 53422 125282 17743.21440923421 19003.788847580614 18247.455 19543.854
5682 75 8959238 9561320 1 52819 126837 19022.195360169906 20295.925444966095 19544.725 20853.443
5682 75 8959238 9561320 2 53289 126837 19022.195360169906 20295.925444966095 19544.725 20853.443
5682 75 8959238 9561320 3 56793 126837 19022.195360169906 20295.925444966095 19544.725 20853.443
5682 75 8959238 9561320 4 56243 126837 19022.195360169906 20295.925444966095 19544.725 20853.443
5682 75 8959238 9561320 5 57753 126837 19022.195360169906 20295.925444966095 19544.725 20853.443
5682 75 8959238 9561320 6 54210 126837 19022.195360169906 20295.925444966095 19544.725 20853.443
5682 80 9561322 10155332 1 51428 124569 20267.120646806456 21519.016969586602 20854.232 22142.395
5682 80 9561322 10155332 2 53172 124569 20267.120646806456 21519.016969586602 20854.232 22142.395
5682 80 9561322 10155332 3 55742 124569 20267.120646806456 21519.016969586602 20854.232 22142.395
5682 80 9561322 10155332 4 54662 124569 20267.120646806456 21519.016969586602 20854.232 22142.395
5682 80 9561322 10155332 5 57318 124569 20267.120646806456 21519.016969586602 20854.232 22142.395
5682 80 9561322 10155332 6 53232 124569 20267.120646806456 21519.016969586602 20854.232 22142.395
5682 85 10155334 10747640 1 51465 123890 21512.799568701823 22763.719295009512 22143.135 23430.707
5682 85 10155334 10747640 2 52481 123890 21512.799568701823 22763.719295009512 22143.135 23430.707
5682 85 10155334 10747640 3 56114 123890 21512.799568701823 22763.719295009512 22143.135 23430.707
5682 85 10155334 10747640 4 54470 123890 21512.799568701823 22763.719295009512 22143.135 23430.707
5682 85 10155334 10747640 5 56695 123890 21512.799568701823 22763.719295009512 22143.135 23430.707
5682 85 10155334 10747640 6 53153 123890 21512.799568701823 22763.719295009512 22143.135 23430.707
5682 90 10747642 11340164 1 51598 124294 22767.080279169724 24017.53718816374 23431.496 24718.445
5682 90 10747642 11340164 2 52212 124294 22767.080279169724 24017.53718816374 23431.496 24718.445
5682 90 10747642 11340164 3 55752 124294 22767.080279169724 24017.53718816374 23431.496 24718.445
5682 90 10747642 11340164 4 54528 124294 22767.080279169724 24017.53718816374 23431.496 24718.445
5682 90 10747642 11340164 5 57127 124294 22767.080279169724 24017.53718816374 23431.496 24718.445
5682 90 10747642 11340164 6 52846 124294 22767.080279169724 24017.53718816374 23431.496 24718.445
5682 95 11340166 11999320 1 57928 137171 24307.286480942414 25707.236558416113 24719.201 26142.875
5682 95 11340166 11999320 2 59178 137171 24307.286480942414 25707.236558416113 24719.201 26142.875
5682 95 11340166 11999320 3 62665 137171 24307.286480942414 25707.236558416113 24719.201 26142.875
5682 95 11340166 11999320 4 61522 137171 24307.286480942414 25707.236558416113 24719.201 26142.875
5682 95 11340166 11999320 5 63855 137171 24307.286480942414 25707.236558416113 24719.201 26142.875
5682 95 11340166 11999320 6 58919 137171 24307.286480942414 25707.236558416113 24719.201 26142.875
5682 100 11999322 12602527 1 52953 126582 25453.16989522877 26737.936778417385 26142.33 27461.883
5682 100 11999322 12602527 2 53594 126582 25453.16989522877 26737.936778417385 26142.33 27461.883
5682 100 11999322 12602527 3 57287 126582 25453.16989522877 26737.936778417385 26142.33 27461.883
5682 100 11999322 12602527 4 55779 126582 25453.16989522877 26737.936778417385 26142.33 27461.883
5682 100 11999322 12602527 5 58402 126582 25453.16989522877 26737.936778417385 26142.33 27461.883
5682 100 11999322 12602527 6 54509 126582 25453.16989522877 26737.936778417385 26142.33 27461.883
5682 105 12602529 13196965 1 51646 124521 26685.36209500546 27944.119592280433 27460.402 28755.719
5682 105 12602529 13196965 2 52969 124521 26685.36209500546 27944.119592280433 27460.402 28755.719
5682 105 12602529 13196965 3 56205 124521 26685.36209500546 27944.119592280433 27460.402 28755.719
5682 105 12602529 13196965 4 54906 124521 26685.36209500546 27944.119592280433 27460.402 28755.719
5682 105 12602529 13196965 5 56893 124521 26685.36209500546 27944.119592280433 27460.402 28755.719
5682 105 12602529 13196965 6 52950 124521 26685.36209500546 27944.119592280433 27460.402 28755.719
5682 110 13196967 13790995 1 51381 124387 27945.244918697073 29205.685633172434 28753.463 30050.357
5682 110 13196967 13790995 2 52553 124387 27945.244918697073 29205.685633172434 28753.463 30050.357
5682 110 13196967 13790995 3 56005 124387 27945.244918697073 29205.685633172434 28753.463 30050.357
5682 110 13196967 13790995 4 55212 124387 27945.244918697073 29205.685633172434 28753.463 30050.357
5682 110 13196967 13790995 5 56565 124387 27945.244918697073 29205.685633172434 28753.463 30050.357
5682 110 13196967 13790995 6 53704 124387 27945.244918697073 29205.685633172434 28753.463 30050.357
5682 115 13790997 14385166 1 51636 124213 29202.85882489346 30460.37772132158 30050.453 31344.47
5682 115 13790997 14385166 2 52942 124213 29202.85882489346 30460.37772132158 30050.453 31344.47
5682 115 13790997 14385166 3 56045 124213 29202.85882489346 30460.37772132158 30050.453 31344.47
5682 115 13790997 14385166 4 55108 124213 29202.85882489346 30460.37772132158 30050.453 31344.47
5682 115 13790997 14385166 5 56986 124213 29202.85882489346 30460.37772132158 30050.453 31344.47
5682 115 13790997 14385166 6 53100 124213 29202.85882489346 30460.37772132158 30050.453 31344.47
5682 120 14385168 14987239 1 52657 126381 30509.722312416743 31788.201750567558 31345.176 32658.664
5682 120 14385168 14987239 2 53742 126381 30509.722312416743 31788.201750567558 31345.176 32658.664
5682 120 14385168 14987239 3 56816 126381 30509.722312416743 31788.201750567558 31345.176 32658.664
5682 120 14385168 14987239 4 56114 126381 30509.722312416743 31788.201750567558 31345.176 32658.664
5682 120 14385168 14987239 5 57972 126381 30509.722312416743 31788.201750567558 31345.176 32658.664
5682 120 14385168 14987239 6 54147 126381 30509.722312416743 31788.201750567558 31345.176 32658.664
5682 125 14987241 15584598 1 52330 125213 31758.40956943408 33025.400032777485 32660.291 33963.26
5682 125 14987241 15584598 2 53301 125213 31758.40956943408 33025.400032777485 32660.291 33963.26
5682 125 14987241 15584598 3 56481 125213 31758.40956943408 33025.400032777485 32660.291 33963.26
5682 125 14987241 15584598 4 55039 125213 31758.40956943408 33025.400032777485 32660.291 33963.26
5682 125 14987241 15584598 5 57308 125213 31758.40956943408 33025.400032777485 32660.291 33963.26
5682 125 14987241 15584598 6 53722 125213 31758.40956943408 33025.400032777485 32660.291 33963.26
5682 130 15584600 16178440 1 51706 124401 33002.63288425448 34266.32987454251 33960.105 35260.465
5682 130 15584600 16178440 2 52494 124401 33002.63288425448 34266.32987454251 33960.105 35260.465
5682 130 15584600 16178440 3 55744 124401 33002.63288425448 34266.32987454251 33960.105 35260.465
5682 130 15584600 16178440 4 54605 124401 33002.63288425448 34266.32987454251 33960.105 35260.465
5682 130 15584600 16178440 5 56815 124401 33002.63288425448 34266.32987454251 33960.105 35260.465
5682 130 15584600 16178440 6 52921 124401 33002.63288425448 34266.32987454251 33960.105 35260.465
5682 135 16178442 16771295 1 51538 124105 34260.671011652346 35521.400324742055 35261.305 36558.855
5682 135 16178442 16771295 2 52799 124105 34260.671011652346 35521.400324742055 35261.305 36558.855
5682 135 16178442 16771295 3 55900 124105 34260.671011652346 35521.400324742055 35261.305 36558.855
5682 135 16178442 16771295 4 54759 124105 34260.671011652346 35521.400324742055 35261.305 36558.855
5682 135 16178442 16771295 5 56544 124105 34260.671011652346 35521.400324742055 35261.305 36558.855
5682 135 16178442 16771295 6 52719 124105 34260.671011652346 35521.400324742055 35261.305 36558.855
5682 140 16771297 17362054 1 51038 123355 35504.37164474257 36761.07922257303 36555.746 37849.668
5682 140 16771297 17362054 2 52273 123355 35504.37164474257 36761.07922257303 36555.746 37849.668
5682 140 16771297 17362054 3 55573 123355 35504.37164474257 36761.07922257303 36555.746 37849.668
5682 140 16771297 17362054 4 54593 123355 35504.37164474257 36761.07922257303 36555.746 37849.668
5682 140 16771297 17362054 5 56352 123355 35504.37164474257 36761.07922257303 36555.746 37849.668
5682 140 16771297 17362054 6 52913 123355 35504.37164474257 36761.07922257303 36555.746 37849.668
5682 145 17362056 17958352 1 51768 125309 36798.696376179156 38064.63023506719 37850.375 39152.49
5682 145 17362056 17958352 2 52707 125309 36798.696376179156 38064.63023506719 37850.375 39152.49
5682 145 17362056 17958352 3 56078 125309 36798.696376179156 38064.63023506719 37850.375 39152.49
5682 145 17362056 17958352 4 55183 125309 36798.696376179156 38064.63023506719 37850.375 39152.49
5682 145 17362056 17958352 5 57007 125309 36798.696376179156 38064.63023506719 37850.375 39152.49
5682 145 17362056 17958352 6 53774 125309 36798.696376179156 38064.63023506719 37850.375 39152.49
5682 150 17958354 18554917 1 52144 124685 38069.22574662553 39336.452308396365 39153.297 40456.61
5682 150 17958354 18554917 2 53069 124685 38069.22574662553 39336.452308396365 39153.297 40456.61
5682 150 17958354 18554917 3 56357 124685 38069.22574662553 39336.452308396365 39153.297 40456.61
5682 150 17958354 18554917 4 54971 124685 38069.22574662553 39336.452308396365 39153.297 40456.61
5682 150 17958354 18554917 5 57297 124685 38069.22574662553 39336.452308396365 39153.297 40456.61
5682 150 17958354 18554917 6 53612 124685 38069.22574662553 39336.452308396365 39153.297 40456.61
5682 155 18554919 19149998 1 51943 124401 39329.307315824764 40597.708501847424 40457.465 41762.25
5682 155 18554919 19149998 2 53165 124401 39329.307315824764 40597.708501847424 40457.465 41762.25
5682 155 18554919 19149998 3 56257 124401 39329.307315824764 40597.708501847424 40457.465 41762.25
5682 155 18554919 19149998 4 54932 124401 39329.307315824764 40597.708501847424 40457.465 41762.25
5682 155 18554919 19149998 5 56952 124401 39329.307315824764 40597.708501847424 40457.465 41762.25
5682 155 18554919 19149998 6 53540 124401 39329.307315824764 40597.708501847424 40457.465 41762.25
5682 160 19150000 19748732 1 52314 125403 40618.84604498091 41892.20467946077 41763.12 43072.35
5682 160 19150000 19748732 2 53303 125403 40618.84604498091 41892.20467946077 41763.12 43072.35
5682 160 19150000 19748732 3 56741 125403 40618.84604498091 41892.20467946077 41763.12 43072.35
5682 160 19150000 19748732 4 55318 125403 40618.84604498091 41892.20467946077 41763.12 43072.35
5682 160 19150000 19748732 5 57514 125403 40618.84604498091 41892.20467946077 41763.12 43072.35
5682 160 19150000 19748732 6 53880 125403 40618.84604498091 41892.20467946077 41763.12 43072.35
5682 165 19748734 20345225 1 52204 124454 41880.75563330355 43149.28096426793 43073.242 44377.887
5682 165 19748734 20345225 2 52683 124454 41880.75563330355 43149.28096426793 43073.242 44377.887
5682 165 19748734 20345225 3 56343 124454 41880.75563330355 43149.28096426793 43073.242 44377.887
5682 165 19748734 20345225 4 55556 124454 41880.75563330355 43149.28096426793 43073.242 44377.887
5682 165 19748734 20345225 5 57063 124454 41880.75563330355 43149.28096426793 43073.242 44377.887
5682 165 19748734 20345225 6 53569 124454 41880.75563330355 43149.28096426793 43073.242 44377.887
5682 170 20345227 20936359 1 51580 123409 43108.633972509524 44361.76806705451 44378.727 45668.78
5682 170 20345227 20936359 2 52660 123409 43108.633972509524 44361.76806705451 44378.727 45668.78
5682 170 20345227 20936359 3 54981 123409 43108.633972509524 44361.76806705451 44378.727 45668.78
5682 170 20345227 20936359 4 54585 123409 43108.633972509524 44361.76806705451 44378.727 45668.78
5682 170 20345227 20936359 5 56641 123409 43108.633972509524 44361.76806705451 44378.727 45668.78
5682 170 20345227 20936359 6 52820 123409 43108.633972509524 44361.76806705451 44378.727 45668.78
5682 175 20936361 21532014 1 52039 124496 44399.63425705759 45671.24657415806 45669.6 46977.586
5682 175 20936361 21532014 2 52752 124496 44399.63425705759 45671.24657415806 45669.6 46977.586
5682 175 20936361 21532014 3 55660 124496 44399.63425705759 45671.24657415806 45669.6 46977.586
5682 175 20936361 21532014 4 55022 124496 44399.63425705759 45671.24657415806 45669.6 46977.586
5682 175 20936361 21532014 5 57242 124496 44399.63425705759 45671.24657415806 45669.6 46977.586
5682 175 20936361 21532014 6 53721 124496 44399.63425705759 45671.24657415806 45669.6 46977.586
5682 180 21532016 22131501 1 52349 126317 45698.602723250355 46973.007082841315 46976.98 48287.035
5682 180 21532016 22131501 2 53354 126317 45698.602723250355 46973.007082841315 46976.98 48287.035
5682 180 21532016 22131501 3 56334 126317 45698.602723250355 46973.007082841315 46976.98 48287.035
5682 180 21532016 22131501 4 55598 126317 45698.602723250355 46973.007082841315 46976.98 48287.035
5682 180 21532016 22131501 5 57582 126317 45698.602723250355 46973.007082841315 46976.98 48287.035
5682 180 21532016 22131501 6 53600 126317 45698.602723250355 46973.007082841315 46976.98 48287.035
5682 185 22131503 22736447 1 52713 127279 47019.07215252621 48310.4474053158 48287.727 49613.945
5682 185 22131503 22736447 2 53951 127279 47019.07215252621 48310.4474053158 48287.727 49613.945
5682 185 22131503 22736447 3 56992 127279 47019.07215252621 48310.4474053158 48287.727 49613.945
5682 185 22131503 22736447 4 56445 127279 47019.07215252621 48310.4474053158 48287.727 49613.945
5682 185 22131503 22736447 5 58257 127279 47019.07215252621 48310.4474053158 48287.727 49613.945
5682 185 22131503 22736447 6 54539 127279 47019.07215252621 48310.4474053158 48287.727 49613.945
5682 190 22736449 23329891 1 52146 124151 48209.2972036995 49474.32304508818 49614.785 50916.69
5682 190 22736449 23329891 2 52589 124151 48209.2972036995 49474.32304508818 49614.785 50916.69
5682 190 22736449 23329891 3 55754 124151 48209.2972036995 49474.32304508818 49614.785 50916.69
5682 190 22736449 23329891 4 54680 124151 48209.2972036995 49474.32304508818 49614.785 50916.69
5682 190 22736449 23329891 5 56689 124151 48209.2972036995 49474.32304508818 49614.785 50916.69
5682 190 22736449 23329891 6 53018 124151 48209.2972036995 49474.32304508818 49614.785 50916.69
5682 195 23329893 23923777 1 51590 124093 49479.655432796346 50743.82589901919 50913.52 52214.324
5682 195 23329893 23923777 2 52747 124093 49479.655432796346 50743.82589901919 50913.52 52214.324
5682 195 23329893 23923777 3 56275 124093 49479.655432796346 50743.82589901919 50913.52 52214.324
5682 195 23329893 23923777 4 55199 124093 49479.655432796346 50743.82589901919 50913.52 52214.324
5682 195 23329893 23923777 5 56816 124093 49479.655432796346 50743.82589901919 50913.52 52214.324
5682 195 23329893 23923777 6 52749 124093 49479.655432796346 50743.82589901919 50913.52 52214.324
5682 200 23923779 24523218 1 52386 126217 50794.68223846444 52070.34570062438 52215.098 53526.434
5682 200 23923779 24523218 2 53178 126217 50794.68223846444 52070.34570062438 52215.098 53526.434
5682 200 23923779 24523218 3 56872 126217 50794.68223846444 52070.34570062438 52215.098 53526.434
5682 200 23923779 24523218 4 55318 126217 50794.68223846444 52070.34570062438 52215.098 53526.434
5682 200 23923779 24523218 5 57261 126217 50794.68223846444 52070.34570062438 52215.098 53526.434
5682 200 23923779 24523218 6 53905 126217 50794.68223846444 52070.34570062438 52215.098 53526.434
5682 205 24523220 25191886 1 57238 135566 52733.94769438612 54178.78708786634 53523.95 54990.434
5682 205 24523220 25191886 2 58374 135566 52733.94769438612 54178.78708786634 53523.95 54990.434
5682 205 24523220 25191886 3 61898 135566 52733.94769438612 54178.78708786634 53523.95 54990.434
5682 205 24523220 25191886 4 60614 135566 52733.94769438612 54178.78708786634 53523.95 54990.434
5682 205 24523220 25191886 5 62862 135566 52733.94769438612 54178.78708786634 53523.95 54990.434
5682 205 24523220 25191886 6 58498 135566 52733.94769438612 54178.78708786634 53523.95 54990.434
5682 210 25191888 25799025 1 53239 127647 53566.488733539816 54860.11706190849 54991.043 56319.074
5682 210 25191888 25799025 2 54281 127647 53566.488733539816 54860.11706190849 54991.043 56319.074
5682 210 25191888 25799025 3 57388 127647 53566.488733539816 54860.11706190849 54991.043 56319.074
5682 210 25191888 25799025 4 56352 127647 53566.488733539816 54860.11706190849 54991.043 56319.074
5682 210 25191888 25799025 5 58513 127647 53566.488733539816 54860.11706190849 54991.043 56319.074
5682 210 25191888 25799025 6 54310 127647 53566.488733539816 54860.11706190849 54991.043 56319.074
5682 215 25799027 26395972 1 52060 125601 54757.92440583955 56027.52419078545 56319.78 57625.594
5682 215 25799027 26395972 2 53285 125601 54757.92440583955 56027.52419078545 56319.78 57625.594
5682 215 25799027 26395972 3 56218 125601 54757.92440583955 56027.52419078545 56319.78 57625.594
5682 215 25799027 26395972 4 54945 125601 54757.92440583955 56027.52419078545 56319.78 57625.594
5682 215 25799027 26395972 5 57057 125601 54757.92440583955 56027.52419078545 56319.78 57625.594
5682 215 25799027 26395972 6 53559 125601 54757.92440583955 56027.52419078545 56319.78 57625.594
5682 220 26395974 26632080 1 20498 48418 56617.10287654264 57127.96776248444 57626.48 58146.453
5682 220 26395974 26632080 2 21026 48418 56617.10287654264 57127.96776248444 57626.48 58146.453
5682 220 26395974 26632080 3 22295 48418 56617.10287654264 57127.96776248444 57626.48 58146.453
5682 220 26395974 26632080 4 21817 48418 56617.10287654264 57127.96776248444 57626.48 58146.453
5682 220 26395974 26632080 5 22398 48418 56617.10287654264 57127.96776248444 57626.48 58146.453
5682 220 26395974 26632080 6 21004 48418 56617.10287654264 57127.96776248444 57626.48 58146.453
